D1=8:0.12493873660829993,
D2=3:0.3010299956639812,8:0.12493873660829993,
D3=5:0.3010299956639812,6:0.3010299956639812,7:0.3010299956639812,
D4=2:0.6020599913279624,3:0.3010299956639812,4:0.6020599913279624,5:0.3010299956639812,6:0.3010299956639812,7:0.3010299956639812,8:0.24987747321659987,
