be:4,0.0,6,1->1,2->2,3->1,4->2,
is:1,0.6020599913279624,1,4->1,
not:2,0.3010299956639812,2,2->1,4->1,
or:1,0.6020599913279624,1,4->1,
question:2,0.3010299956639812,2,3->1,4->1,
that:2,0.3010299956639812,2,3->1,4->1,
the:2,0.3010299956639812,2,3->1,4->1,
to:3,0.12493873660829993,4,1->1,2->1,4->2,